0.0000000000 2.0000000000 
0.0400000000 1.2478793814 
0.0800000000 1.1055728090 
0.1200000000 1.0101535992 
0.1600000000 0.9363408206 
0.2000000000 0.8753173496 
0.2400000000 0.8668386801 
0.2800000000 0.7766182302 
0.3600000000 0.7597046544 
0.4400000000 0.6302677985 
0.5200000000 0.5718516165 
0.6000000000 0.5198343910 
0.6800000000 0.4727866037 
0.7200000000 0.4508066615 
0.7600000000 0.4297243550 
0.8400000000 0.3899390448 
0.9200000000 0.3548122131 
1.0400000000 0.3462058371 
1.0800000000 0.2855357422 
1.1600000000 0.2546320610 
1.2000000000 0.2397765264 
1.2400000000 0.2252878685 
1.2800000000 0.2111456180 
1.3200000000 0.1973310449 
1.3600000000 0.1838269630 
1.4000000000 0.1706175615 
1.4400000000 0.1576882594 
1.4800000000 0.1450255779 
1.5200000000 0.1326170305 
1.5600000000 0.1204510258 
1.6000000000 0.1085167820 
1.6800000000 0.0853040565 
1.8400000000 0.0425861243 
1.9200000000 0.0215948216 
2.0000000000 0.0000000000 
